351001
131014
761042
351003
351002
101011
151014
351008
131002
101022
801002
241008
151004
161016
321001
181085
251001
351004
181081
151196
151002
221015
321005
171013
321007
191001
151015
301005
181128
131030
181120
321003
171015
241005
321006
291002
151117
351006
351007
351009
181151
121019
171006
101009
221004
151179
131003
131047
171011
321037
171014
171004
191009
191030
181133
151057
131041
771041
211037
261005
251004
141015
131050
241013
321004
201126
101020
121065
131046
281011
171001
321030
131034
131032
351011
211016
111004
321008
151105
261001
181062
311024
191003
131007
101019
151169
321050
321051
161045
291005
211002
321010
191017
351010
281008
101014
151068
441003
281010
271025
211111
321019
261004
291001
141038
141017
131004
301002
321033
341012
321009
211029
151171
331005
811063
301007
301001
181109
141039
331004
151010
241001
161018
151034
161038
211030
291009
211011
321054
331002
221025
251008
151108
161020
251009
241010
261006
161001
191029
251014
141009
161007
221022
181074
281012
201067
321052
301003
391019
301006
141030
291012
281013
161039
171005
201062
301004
281005
281009
131005
211076
271027
121049
191028
101013
131043
281022
151059
171009
191023
181079
251003
321036
331001
151172
201084
141012
191032
291014
151170
211005
101016
171002
181080
221023
161024
151113
341028
291013
251007
211069
321034
131001
321035
251013
151018
151144
241009
181034
141027
181145
281001
161025
171008
211036
181053
281004
191010
171007
391038
101017
281006
201103
321060
151054
181101
131044
211024
331003
201089
181102
141034
191024
211042
171003
321057
281007
151037
261008
281003
771064
351105
181114
101006
291003
391007
181063
201061
191025
271030
141020
261003
141018
291004
291011
291010
211004
151043
151001
121076
271053
261010
261009
261002
211032
201054
201053
391001
351033
131035
771015
321038
121093
121031
161015
151100
121085
321025
321022
151007
161017
211009
241007
181136
121020
311001
181094
151060
291015
161005
181126
321020
161027
161021
141022
161026
211051
151063
121029
211006
121090
171017
151121
221001
141025
121084
321016
181132
221024
211018
291006
151177
321029
121052
211086
211026
171010
181122
151011
311002
241003
321024
291008
781021
321039
151021
211020
771013
391008
211048
151180
211019
271012
291007
181131
201044
131051
141028
311030
321017
171018
201040
151173
201043
181112
141023
191026
211049
321018
181041
281002
191015
191008
181028
171016
141021
181001
371008
321032
131036
121018
771011
181064
241017
121003
321040
151087
151188
151183
241018
191027
211067
391021
371005
131011
151203
211039
311032
121092
391034
151005
321028
161042
151033
151055
211077
391039
181018
321027
181078
151174
391009
121032
211075
151184
141019
281029
151181
161041
151168
241014
181061
211127
321026
391004
211148
151138
211065
121055
121028
391025
391006
151016
181035
391016
771012
211050
311026
391027
191037
161032
281031
181137
391031
141031
141004
121089
391023
151106
211040
241020
151189
211103
121095
311022
191033
181116
191012
121059
161066
391024
151201
181162
391010
151091
151118
211125
391018
151080
261013
241022
181169
321031
391028
311031
311021
211057
261014
181164
121046
151031
261012
281032
781014
211021
151176
281027
151092
151195
121058
441010
151142
311023
101012
391022
161058
281030
121037
121097
311029
151098
101008
271010
151200
151178
151129
211081
321023
151199
181165
151202
241025
391017
311027
281033
151081
391002
181172
311025
271003
151198
151090
151185
261007
181110
241026
211027
161062
311020
241012
161067
161064
391026
181170
181117
181049
101024
241015
181054
151003
181171
241019
211013
151084
211003
151182
131022
391020
391011
241030
241024
151115
461101
181166
391035
391014
391013
391012
391005
391003
311028
281028
281016
271023
271004
261015
241049
241034
241033
241032
241031
241029
241023
211149
211147
211146
211145
211144
211084
211078
211064
211017
201078
201059
201033
201008
191036
191035
191034
181168
181167
181163
181161
181150
181149
181146
181142
181140
181123
181107
181066
181046
181039
181020
181002
161065
161059
151197
151194
151193
151192
151191
151187
151186
151175
151141
151139
151137
151136
151135
151134
151132
151130
151128
151126
151124
151123
151122
151120
151119
151116
151114
151112
151111
151110
151107
151103
151102
151097
151096
151095
151093
151088
151086
151085
151082
151079
151062
151051
151042
121099
151019
311015
121004
151039
151009
121026
211062
131017
151075
151032
101015
161002
121012
181159
441002
151020
161004
151045
181021
101018
371003
131019
311004
121021
351020
121034
371006
481035
321053
371007
181024
201086
121100
271074
161009
151133
121007
131021
161034
181148
121027
181013
211022
151067
141036
161043
211089
151025
161037
121048
161046
181010
151046
151048
151156
151040
151047
151070
151083
441008
121060
151150
211001
121011
371004
221018
151058
151026
221008
151030
181157
151131
211046
151076
151008
181047
371002
121103
101025
151027
161010
181023
151029
151146
151052
151056
181014
121044
151109
121041
181015
161019
151074
151148
151028
181158
211038
211025
151049
151072
371001
181153
211047
181143
181027
181005
151145
151069
151071
131045
221016
131033
281021
211117
211007
181160
181155
181154
181152
181006
181003
161022
151167
151166
151165
151164
151163
151162
151161
151160
151159
151158
151157
151155
151154
151153
151152
151151
151149
151147
151104
151078
151073
151066
151065
151064
151061
151053
151044
151041
151038
151036
151024
151023
151022
151013
151012
141024
141008
121104
121043
121042
121039
121033
121010
101010
311010
221013
311016
131031
441006
311012
351021
311008
131029
351005
311007
211073
181106
311011
281014
221009
131026
161013
441004
141001
221020
201014
321065
201023
221003
321061
311009
771048
161012
211059
131028
211058
151383
161051
281020
311006
201034
221014
201032
141006
351102
321059
311017
271049
221010
211055
321062
311013
771043
141005
201073
311014
201069
211131
771046
221011
221007
131016
211012
201004
211041
211070
161014
211072
211074
771049
201024
161052
141002
151850
201081
161048
201016
211044
321058
211090
281018
221017
201028
211130
201068
661191
201064
201025
211108
201087
121150
221006
161050
251011
211132
211015
311019
211010
221005
311018
221012
181017
201013
281023
201083
201072
771042
201051
211061
211033
201098
201026
771056
201035
201075
201015
211079
201036
201085
781045
281019
181025
211054
211008
221021
211052
201038
201022
201012
221002
201071
211035
771047
161011
281026
201017
201011
151035
101002
111018
271079
771044
281025
281024
281017
281015
261011
211129
211056
211028
201096
201079
201074
201063
201056
201049
201048
201046
201045
201042
201039
201031
201027
201020
201019
201018
201010
201009
201007
201006
201005
201003
201002
161049
141003
441030
111006
111007
111017
131015
371081
271077
271081
131013
451321
161008
111034
111015
351146
131010
241006
151548
131052
131020
131008
101030
111001
441012
271073
131009
131023
131012
111047
131048
271076
151822
111046
271096
151140
271050
271082
111039
451231
271090
271091
131040
271018
111044
111013
271052
131054
101003
271095
271047
271005
271002
241002
271099
271094
271078
131018
271060
131037
271093
721063
271001
111040
271064
241004
111049
271057
111035
181012
111030
441038
111026
271070
271061
131024
271098
111043
271041
131025
111032
271020
271087
271033
111029
271086
131006
271034
271088
111051
271007
271016
271021
111041
271083
111042
271036
111048
151237
181016
351047
271048
271055
271011
271054
111036
271042
271062
271032
111027
111019
271043
131042
271038
271080
111021
111014
271097
271013
111008
111050
111016
271059
111022
271015
271022
181008
151542
271092
271089
271085
271075
271063
271058
271056
271046
271045
271044
271040
271039
271037
271035
271031
271029
271028
271026
271024
271019
271017
271014
271009
271008
271006
181026
181022
181019
181011
181007
181004
161047
131053
131049
131039
131038
111045
111037
111033
111025
111023
111020
111011
111010
111009
351038
151537
441032
151101
121144
441005
351043
151845
191004
401020
351126
151633
351088
151225
401033
441009
351206
441001
441049
151486
351013
161056
151384
351098
351082
161115
351203
161079
391138
451249
401022
161093
371092
351141
351108
351036
401008
151711
351023
401025
191055
351104
441026
441025
151413
101028
481028
561002
351087
151870
181253
181224
661289
371059
151215
611087
151125
351069
151490
121117
351089
721068
401029
401024
101169
341128
351186
481036
181218
151240
351086
161164
321224
151853
521006
481021
481133
401050
401045
721038
151557
161090
651079
151731
521043
421044
401047
401023
401035
371046
611110
151852
401036
371093
211151
351176
721074
151851
661160
151656
371053
282803
401007
491003
731033
151411
351019
151529
351071
371072
151524
371036
521036
571036
121111
441013
351055
351067
661007
521017
151495
441018
421026
441016
451035
371042
351208
171023
351012
121167
131056
151688
131069
661002
151502
191021
401005
351070
151849
481031
731048
351101
421028
351068
181262
391042
351085
731038
481175
201099
161249
761004
451349
371095
151626
421023
101035
421019
461028
181708
181291
101152
441023
311051
721023
121123
371033
101147
421010
151463
191058
351148
571078
661057
721073
181345
151608
151386
611198
151752
161073
121121
151218
401017
151387
151595
731058
701241
101179
661073
121331
351044
151841
311039
401037
151336
181617
461174
401039
631097
371030
151703
401021
731025
571063
351132
611199
181217
351018
181243
391052
161121
441007
161224
151220
501497
151684
351149
151204
571065
101033
611048
311058
391068
391049
631065
151570
421009
181242
152003
351039
731061
151447
161092
351205
661281
701111
151598
131084
151846
521005
371087
401031
561005
351097
151778
351179
221057
151756
701018
481235
181296
161114
101138
351120
121522
101187
371028
271125
351079
651081
181505
351195
481230
161085
721026
541034
181050
661229
151596
152017
351099
181838
661210
731051
221336
151804
471017
371032
321186
221078
371127
451217
151306
351080
221099
161081
722063
151408
401028
391036
721021
491004
661018
661004
511012
661193
721042
541037
151497
151634
321226
151802
661010
721055
151513
721070
161113
241071
351222
351042
131055
731045
551254
181307
401027
151960
551186
151552
371009
121208
571039
611065
151815
371063
101148
451124
271318
351153
391156
181759
401006
311059
181308
721049
311052
371073
731027
551208
151594
571043
351035
731073
181067
221066
761003
551230
351100
521042
721069
651089
401012
131078
181241
181216
571084
771084
101143
161103
421008
531040
151277
571004
181100
661179
371016
151512
721050
611033
391424
701252
121216
151474
701239
351016
371049
181295
151233
151482
161116
151573
181260
722051
761013
211155
421003
351024
181640
541031
481018
571077
711015
241041
351026
631086
461092
481165
101170
611081
611080
451195
211068
661262
351127
611050
551195
551193
181650
311043
141044
491008
611129
481023
151881
151380
151445
191090
561003
271305
151207
121212
721035
221080
101026
181281
371071
151461
611077
181387
461045
181215
391056
371122
181256
541057
151747
391069
731044
421042
181225
351049
221054
611025
151382
351250
191066
541022
161074
151761
722007
701110
181227
371047
721031
151226
501723
421011
701195
151498
181073
761008
321236
661102
401019
161109
391070
661062
151743
451049
181652
351113
151618
221155
321198
161080
731052
351053
731035
401004
311048
241036
181056
282805
151333
611120
731060
481143
241046
561006
391064
101098
761012
371029
151568
701253
391149
151530
722009
181228
161174
282800
611150
401043
722069
151812
151484
191016
351235
191073
651002
351125
161162
131063
571037
551269
481145
161105
721075
551197
181724
101177
221079
731067
461168
401044
152103
151867
151219
152005
321213
311061
151838
661037
331006
461213
101036
351093
661287
611062
481017
661280
282802
151965
735002
161135
771330
181244
181644
441287
611149
101100
371079
151789
391041
451178
401014
351220
161102
611144
121118
371058
151961
721034
481154
141041
451079
771086
151528
481176
721025
731037
611103
721060
351151
221157
611069
181301
151510
611191
481180
151723
721036
181232
161261
151610
121204
401026
371117
181266
401011
271185
511011
571038
761002
151797
181267
151205
121465
551271
451226
151396
121110
131058
391087
701014
371104
181685
733004
701165
151681
121337
511013
481026
391048
391015
181872
721040
211071
661030
151758
321256
741024
311045
701086
701078
221229
771121
541039
701070
181837
461084
731050
731053
701196
551239
481067
171019
701064
721072
721044
311042
551177
451244
151879
151316
701028
471002
151751
721048
721033
701133
181727
152073
151615
701217
661014
611036
101195
391066
181311
151759
151523
701303
481024
351267
221318
661015
121130
761014
161216
391371
101085
701108
681089
631006
221355
161232
161228
131101
571066
771398
152075
761006
661183
531015
661012
611178
531016
161207
701242
351202
181506
731026
131066
571026
151349
761007
461162
451140
661166
151741
701257
701221
371056
701043
391366
391276
521027
761001
271137
351107
161290
471030
701144
651011
351130
181251
161054
551089
121425
151599
401002
181717
151698
661021
681008
351106
181139
721018
151567
161253
731069
701045
101156
121124
181173
701019
661208
151730
701100
651073
151517
701247
701021
661128
651017
481073
221077
151491
101062
221081
631008
391079
451182
701251
351178
661258
531017
211121
151487
722040
721010
661067
351192
351152
731099
661011
161119
351034
131099
722023
271502
251019
131085
611072
551066
151780
151339
701328
701305
511002
331025
151279
421006
721043
701200
181604
151669
521002
471003
121152
171028
351260
151801
461013
401018
101116
731028
461210
721016
701081
451139
391431
351052
161247
151835
151459
701306
501470
351040
771397
481011
731072
731042
701219
531038
211265
161257
161198
731021
722012
701326
161154
131059
221326
501675
451360
221367
221329
181738
161123
161087
701106
481158
391099
151638
101180
121217
481125
481086
151840
722026
661205
611045
521009
101184
101182
101181
181750
771371
771134
551107
501549
391142
311054
151579
151796
221386
722074
722010
701192
651046
451327
451126
321202
311049
101123
181213
101051
611117
461143
721067
661146
541043
451050
371075
161125
351193
351014
221213
151816
732001
661006
571103
571072
521060
511010
391092
161098
401013
191074
151299
661186
611181
571102
461185
461170
451334
451312
451069
451016
191079
151791
151212
501187
391229
151304
151826
101163
221139
481006
461181
371064
151728
721064
721029
221156
771146
701058
181246
701032
121162
481244
351062
101032
701084
181490
201107
661070
661103
661100
391230
701245
701224
121139
541028
151655
761009
401030
391504
321195
221126
221028
191080
181728
181359
131075
161088
391462
391088
181643
351181
611016
451036
371189
371187
351200
221299
151500
151360
731071
701016
451362
661167
621006
141040
101160
461212
181234
356001
721066
